	cell_1	cell_2	Depletion	Enrichment	Neither	X	Y	radius
1	APC	APC	0.00000000	0.15217391	0.8478261	2	2	0.25
2	APC	Other	0.06521739	0.15217391	0.7826087	5	2	0.25
3	APC	CTL	0.03260870	0.03260870	0.9347826	4	2	0.25
4	APC	T-reg	0.01086957	0.01086957	0.9782609	6	2	0.25
5	APC	Tumor	0.35869565	0.00000000	0.6413043	3	2	0.25
6	APC	Helper	T-Cell	0.04347826	0.05434783	0.9021739	1	2	0.25
7	CTL	APC	0.03260870	0.03260870	0.9347826	2	4	0.25
8	CTL	Tumor	0.22826087	0.01086957	0.7608696	3	4	0.25
9	CTL	CTL	0.00000000	0.10869565	0.8913043	4	4	0.25
10	CTL	Helper	T-Cell	0.02173913	0.07608696	0.9021739	1	4	0.25
11	CTL	Other	0.10869565	0.05434783	0.8369565	5	4	0.25
12	CTL	T-reg	0.01086957	0.01086957	0.9782609	6	4	0.25
13	Helper	T-Cell	APC	0.04347826	0.05434783	0.9021739	2	1	0.25
14	Helper	T-Cell	CTL	0.02173913	0.07608696	0.9021739	4	1	0.25
15	Helper	T-Cell	Helper	T-Cell	0.00000000	0.09782609	0.9021739	1	1	0.25
16	Helper	T-Cell	Other	0.11956522	0.09782609	0.7826087	5	1	0.25
17	Helper	T-Cell	T-reg	0.01086957	0.02173913	0.9673913	6	1	0.25
18	Helper	T-Cell	Tumor	0.33695652	0.01086957	0.6521739	3	1	0.25
19	Other	APC	0.06521739	0.15217391	0.7826087	2	5	0.25
20	Other	CTL	0.10869565	0.05434783	0.8369565	4	5	0.25
21	Other	Helper	T-Cell	0.11956522	0.09782609	0.7826087	1	5	0.25
22	Other	Other	0.00000000	0.69565217	0.3043478	5	5	0.25
23	Other	T-reg	0.10869565	0.04347826	0.8478261	6	5	0.25
24	Other	Tumor	0.66304348	0.00000000	0.3369565	3	5	0.25
25	T-reg	CTL	0.01086957	0.01086957	0.9782609	4	6	0.25
26	T-reg	Helper	T-Cell	0.01086957	0.02173913	0.9673913	1	6	0.25
27	T-reg	Other	0.10869565	0.04347826	0.8478261	5	6	0.25
28	T-reg	T-reg	0.00000000	0.02173913	0.9782609	6	6	0.25
29	T-reg	APC	0.01086957	0.01086957	0.9782609	2	6	0.25
30	T-reg	Tumor	0.14130435	0.00000000	0.8586957	3	6	0.25
31	Tumor	Other	0.66304348	0.00000000	0.3369565	5	3	0.25
32	Tumor	APC	0.35869565	0.00000000	0.6413043	2	3	0.25
33	Tumor	CTL	0.22826087	0.01086957	0.7608696	4	3	0.25
34	Tumor	T-reg	0.14130435	0.00000000	0.8586957	6	3	0.25
35	Tumor	Helper	T-Cell	0.33695652	0.01086957	0.6521739	1	3	0.25
36	Tumor	Tumor	0.00000000	0.69565217	0.3043478	3	3	0.25
